9056045522263119981
2186272873429473477
7600860305637636984
2355220553592204619
-8227912566998802701
-7803853940897626502
3983292017495523962
7756192739508391013
-2646445027037206466
2456254519564633140
-5166874502579427621
5555085158217663375
-5324142740701032109
-1312120957823682275
-5327124376839551796
7512092978506362132
-3149585445619163003
2081249557740153378
151763707564665012
-7649329492980141109
6797004171636400868
-281155336486890285
-1452350026040959201
5329008076171217670
-5730842035892367090
-787552702173961055
8497559683840019927
-1340411081033231610
-2722184724863422238
202835564043360296
-2418499554767877842
5931250855001297854
8779203609802105154
6173868399056691294
-977114280409413867
-1050223246111748309
3812390624664708170
-8713616679526447206
8336587833674661098
-8593978613921299168
-7710187115327023052
9034869037715922333
6302886223429523343
4875017882691184152
5978648335068193286
-5840661240577319
-7164839230403150547
3544858288663616718
-3440840573508949989
-2694110215615727102
8179670571462464982
3023376046709908105
8058501851923229466
7547589348614106180
4343555089767646408
7722969239947019343
-1074915878647781481
-3837666204719697257
-8800079541503070328
8514913378806149416
4469733193575932597
4974458287613496399
-8227826913504972281
6985363881589354049
-6407976325097726915
3127732772385033197
4234052105661650794
1400509541040569780
1304071309357135399
-6569672426605834535
5110737853813886014
1137587583772645253
-5636662509660464903
3858269509981206484
-3761409588405861192
-1209978977837226716
-5146773535079758773
-8032225037977561762
-5732470415397603867
9151149776356703203
1895195711908964885
-4902214907914267312
-6355778572345603572
892914757371580961
-4238540417368702265
-6151955626764777366
8893960471840356269
8831144666909107305
-9118037016585888952
8072123182986057725
-8868529778068022636
-805180705398958058
-4130984524173339612
6670739319881175055
-5547139376325310906
-4433836892794179522
-716357463097457219
-1933144446155696944
1317566297951111767
5962302223669432971
2751040692453124426
5981339211825968898
2972144795251328029
-3779420991550150768
2404930541876900510
-4053806977483230897
5680677528138168075
7153147202198607479
7229829789119381689
8939297256185151450
2616356361119192728
-8079014512391763834
-1356795430519477940
-5716220137790212919
-4044554508321728960
6923654904730098052
-3746092457757634829
2857283278779557754
5330478479036082536
4670449827657030864
-6405788562573546709
-5354277667714412665
-5424673640455731099
109615988395563992
3151487174983720548
345070191402048696
-1863254756547326686
-2307279381412775228
-3341506791233204871
-4222104929880988534
-3633886313502813622
7723807890019461618
7020923614674123108
-7845512849386307330
7327210555090731101
8818901684386544173
4726691683303288732
7868704138955601406
7129186742431974963
-1103291559829020918
4069857955071938045
6464854278505091466
3919158171541255252
6529228451126593502
3536984916181825219
8046482969773136578
-3505863250710249599
-4547311086521372787
-1472535933799790766
2113723416380273640
8190046220632147753
630844134810879996
-6796291852769054927
5618612634769326054
-4859386823548929033
6878853370863238768
6003184932488824067
2526417991354857724
-2771898820386009134
5961805411715692576
4106250440428717950
6554196663058929832
1863263893815082801
-223192244676310113
3934758003895498632
-6378747367634939268
-5060504290060630528
-5720308160847496559
8786506436769098433
-6464720187410195811
-3648273613652708498
3451608300122553506
1398606951550513830
3805444780121720107
1251672470823423093
-2684673340278218494
-2874043111863524707
-1858988331482294865
1275446616012006603
3169960086038900481
4962908485910170765
560270906764504060
-2156747698954197555
-1330967523071344483
1887383074943821738
-4130752177194010544
-3489057789925656786
5312339697071336842
7743918088864524641
-6933220783520640102
-3608717403937151184
3674083788071284438
-3929640224642943423
-240107865195480671
-537190301275830939
-2941060547756044317
8369352166538041277
-5037593281318648896
-1004205367725014786
-9001431621135988010
-6479355544817306410
-401075531636814969
1082091828860075714
-4759131633443420384
2386184495593066503
-9180790067551113194
-6720573509592702616
6277443800163194924
1345630443815688531
1145177954601371748
5971764523815011172
5956744164311239649
-275174650347966349
-4954997688310608138
3331974688161024269
-5780035531268589541
-6586021276439213261
7045199782630752704
-1051254151674435468
6470271565700520773
4522145593360786762
2201841227358471163
5445800253442822125
5283866673892299707
-1859408796229519021
1925021676729337760
-7382550258831094137
-4396903752528970560
-8397607339406846512
975842780224888364
8122869926754238087
149962826192092996
-5223428449765009603
-8793760218721212463
205663571290803114
8498121947886505100
-6942590706322454233
-8349857170842959168
-6437008126735668002
5048575160810295130
6618984130882593890
1577896781633541879
3348126780449951711
8941583009804950623
4821877638658365797
1456572770503977456
6265565556752709227
-8345330484558215194
3171228311789242842
-972280019807155611
7394625231197739144
4775375397798667701
5510019186241394413
5258640061739855348
-3006158256165499627
3478361974405528638
3355758781971472177
6440216413776194277
-8563955697758069802
-3231891579503663451
8252555052314325646
770304688565035612
-5053016269065416838
227433666321288129
4358237785636609353
6377595808278123210
-3251617479967752660
-4900740911800282826
-886251935026981
1111718137977201012
3536256983187334378
7072146003393773510
-6331447048196381765
-3463132180593395736
-2449873982657727113
-4800503646953792182
-7900224438886384098
-5736854152122944873
7662435661380186503
414670355936972798
-4848866476297587608
-6032553319612091901
-6841723281806458597
-7893570712749773582
-3972099811409146899
-612391967528531070
3409243970230613196
-6558432208066913124
5025402648237005759
5644537850626429754
-7829293145741874048
-946326947012096311
8904088047160063987
3615975345409196163
-9156961378406875915
-309934355143743056
743103019816226203
-1018098598870031200
4432086850810135245
-7089740521122666449
-6984099471500329183
-2427890724172330071
3403336273417396482
-8540666683929266075
4925510852987775439
-4902252736267660774
-2971769509193249623
-6817624770359187885
-126785890282596179
-6844959536649220662
-5200913709921070671
-379615858902299934
1380812838831199726
-2470224766423969785
-1640804319905163183
1470391799088379504
1643798317135717868
-8390083244979347595
-3491215119515783055
5005064608911902376
4995007823964473286
-7690254115923011298
-1568249508959624882
-5538709016475416118
-8031743780928810337
-3216284299055613691
-6288900610725464559
-1708602687757662726
-1153884407430369696
-8440206203546950249
-5699565299705665203
-6887191651762770770
-7674237562786099008
-45495544408904022
-7795113142449533795
-7621175101386718272
8090152695096036725
-7375588683285209285
-3138892192725430723
6907314748039306360
3311226496883887505
4383346053702256633
6976199170740084182
-1975406024664881
1145993058103255170
607626548768119923
7730931350269523197
-1196805959137326902
6137626756206973586
3521144865451904752
-4313886169614316393
2135980281897393292
1002257637388133220
-5566159728869934768
-6731839537919040295
-369967638463988666
1265034934704109687
6703408341630789281
3686123329011927001
5905283281465774497
6702019769334269193
870950565077489897
2475530700528953450
-2961400921250925146
-2147344953240427988
-5145172305219364565
-5209767548863097559
7626263399360087421
-3647473661173782913
-1492533485503742132
911983315063832448
-5361485437182544588
-4883114680225984436
99733838518800163
-8932498522317296182
272659521994981127
-4167763743808025171
-3704186116453740112
-5111440719000574362
-5150613579975264316
-4661281842476905102
-126281380421263082
-6766239482303633730
3884563933383001612
1002145856568424310
5915942847027993058
-8180643859265243644
4325876138890636774
-2864339942549598597
8107234030619998725
-7821638536161485293
2707700778265320583
9186156482527728247
4155468960401175238
3470666209724251406
-515018672546828088
360230811667017693
-2685975267190089972
5462261970171356854
8102337335419427483
6810161603247217815
8798040324761510762
5361922457312926166
-766475173372191969
-746544346977881560
6987646847630261707
7756046573168538784
4536557400532084483
7602821287705443530
-7709981514394742911
-4397247317822011167
-8985056279191039052
-215624837395779427
1340346731494438155
-7620161729739061899
-3948333396317544527
544675045157345910
409428094107370469
8648516007361412627
-7095252236670753073
-6764464810822875849
2402087895827550905
3749763531253242209
-2522702996819319782
4646687803283267803
4093138356342710168
-1203258984309608576
7871913588987164693
8670435524937776317
-5251950113329773788
5498633504021525248
3400208944036880419
-8486365230427870056
-6102603810592359507
-2588528013601894494
5091514271178103154
-7995025557428677991
2547924659670181983
-2061210027915170911
7445338532039868763
-859354006574172204
-895842404474763941
-3014223626796629476
-502045053969464887
-4450088031833245417
-8554057900618613796
5798532378905145282
6635831361093057068
5172004496729381778
1606000294587644709
4874845142158825844
-213545001817542060
3092464168486765684
-8508391270072013034
-8960504560299061709
1318919040883199286
7803441760708141791
6011885041556938602
7745073072552676821
-5587725930818264003
-9014248656141798029
989055512767470297
-8166596653377922351
-2069145466299933900
4923477286358753540
5855040750792659698
7395684404786252594
174145644982522013
7725503047340071650
-4843235937785734037
-7418779610058166415
295686305557566668
8367895776360901350
9065573778796557753
4488291728871481425
7528465309530237636
2569623935735310844
-4227762963478446903
7617931921233205087
-4453940544471018714
-222695648108144403
-3712829571529511192
-940276483202228271
2189772297726779690
-7189167894283388878
6986707901413885023
6403029373897951128
3072923615344565539
1779806311877628943
6395534063862952977
-8777404367279091305
7425342212901487695
-8039770094075076542
7151399538952624871
5869529997626843339
-1006945566131949341
6982826651302203621
7443415777821841371
-4056237261821413376
-1686144842887171427
5309930962127966620
-7203917979214346338
5977120214444911687
1029835426662813867
6127957798290646770
2560105828108639707
-1380221874588252257
8991552405900375838
9207140561748057845
-4894472561117338379
-2044990731398372567
4006569386945768003
6875245178686998960
6930969429693276989
5191816928100553574
7744342369392738524
-1779030469523545449
-3944552524203270160
280368976402424032
4267544352371645038
509666131767469569
-5439872121509105035
-2936939792497967046
621472087541474944
-3559887660384569647
-1487473793272327188
-7136349180902603768
3844677881847589912
7311371327794912426
5792255465339857184
-8138028490801428342
-5687067678500926297
7516353830842130659
-6373122028148376962
2695841471543376119
7588128091408380104
8963307583925276665
116482026758322482
-3134952050442008148
647479312996941313
-3976934774303381772
1361408098302254922
4755502140786596387
-6109622114955712720
-7345358639107781569
-8914234420178069395
-2715324375149407705
-3585555763400930593
-1439565783982935253
8826939157607394368
-2269964970689752093
-6542277949531448120
2615166478040073546
-4234099682232564049
6955342361317754148
5436024025262836861
16661264247894462
-7434038700596705155
-6594393866153480475
1564778070000549525
1519098064970463949
5767761734028319511
-9205266581080409037
-3101239877136484667
287328332453950341
4981140607149607565
9136294572305829450
-7247843409623134783
6641219272684072015
9016797612816358028
-2922896398505548995
8792802717599132035
2990548133151180324
1171393701570327919
8378371459590720359
444366723990052385
8555734029261800340
3889821932463407471
-46682023596397424
6286992012340663122
-5856495610119557100
2073105878990731927
-8469040905981728861
-8020701790465861794
9049151520617401607
-4577754613151927403
-7946600125652838272
2979989602627932043
-2761807479087111414
-7381687343397080905
-1537294699030299683
-4135620575891747899
-5470402100886567893
6170266278088657073
2503673769715679103
2538078959156125352
-8829670584804183116
9195328821249943816
-4262005250139948113
5045262576149821631
1303591940150289561
-8859990384476222174
7047465220843295879
-7189400528670967846
-6958708521018052638
-5687706221441663616
-7361247685105452630
7270517601764146011
968039210464274001
-3223863131224674084
-9152963359436565423
-7899313153309890177
4858651603234789441
-2936591374953491046
-880615386930996194
7940497407557832979
-3553092018097970228
-7196692447908057047
-4454323021902474349
16965922768105609
250628414869235980
5174012991070707584
1569742718993776767
-4215926810790321835
-1316838296825803430
446356177047794909
-1157243391502463785
-5734165739942210144
-6011889884229248336
4371900038265621476
-5733392566326985222
-6848072150371799479
7124649447281030910
-6474194133847381851
-2937514002948228264
-4796234682587860153
3435902645449747948
3889673533729196013
6669383441782058236
-153502056355621632
2639086582096604863
-4420094400441379827
1522231057301558465
8004210165183313804
5114379417619015181
-8573718188958888642
-1479275968423437773
1083594610612331931
5431052389983001760
957556088335285882
5009553566886638826
7105881113244458240
-8416669621108352154
4258021055178089086
-5797766740698263958
-5672728559249350629
-208562726962293435
2725437864518007335
-1956911582459228120
1809900581455780758
1184110400408726556
2249942379474235141
-4917321739215913102
-2507975979509465273
-7217000145325624478
-8095015079776480095
8973463736038412732
-3535083964440545509
84526929853418869
4414711866961939318
5287756804252542067
-696099034095587697
-5851913331250202402
7812379131193789584
5747354103249506638
-2384355469480706187
-8224770683327512345
-9208744613535988803
-7220190005127190006
4657875398073828281
-5009552884250545451
7519489091262050643
948462603856227174
8621608102446837709
-2577434368531260396
5757214028240260823
8226692693386323443
3287720244576153548
8086478810800339773
9026486777091782731
-8797172622989678994
-115640707705399327
-8936705753323003309
-8864794329843663622
-6018584612455899764
3275717247957685398
2792242807583170810
7055257118277803420
7617420013928630657
-8267141499980432648
-8952094290431748424
-5193877584410004864
-8693987445064491202
8760979672069517734
4022030873358837321
-6723419237442466720
2631313671671089045
3613656027338087792
-4555645481423605283
-7062661729558482055
1864072048602552478
-643819627293803130
-3133778904766055250
5580843286198213283
-2829745456809303114
1152991401625466435
-6898975971722447634
3397551552642839925
6166618911295928389
-3949910769393475
7394435776193311938
-7146592266638587694
-3996247154540989504
8586229557593437185
5360652005131233241
-5211699416368049119
4341262414046347990
-5836360164404863772
-5341396929878801160
-6785798261259680537
7660204281400756008
-2134020858561167306
5007667789406598847
-335078544505038797
1332764570251459389
-7623368719906312283
-4346244636480200948
194388109887205030
7810668764357427108
-3615951174135544218
-2954767886537544771
-4507863258717843910
2276687713289543202
8524418013061735497
-4186814669113928615
60139549277300159
-7267806208187435879
7647520048190686627
2264902334527084519
-5714928657717103480
6538329493439272629
-5791508206585241517
-4306650085365837115
-6029470404523834097
2261351025286284082
2624605583555787718
6772465431724370112
-7421036011092371363
1291676464872078814
-788800572699780532
-8345220845321699641
7195711328651347916
3062694529634419464
4469691416244902417
-148406982259221701
8367072902585307162
-8566504862540108758
2936815083288164533
-6632649449864088375
-6194624816579080569
-8812985470775333586
-8990537675998061493
4527912177087199456
-4408959152344800764
-7250077035983563354
1875972444901457903
7593850814814568154
8317351435303100599
-9032078300467147673
6374411174318833604
1507878781342978956
7108006606814573370
7780813069771358288
-107764250347818749
5330568616135947586
-6771899734467020898
4256661130868708893
2466345249158350207
-8737863567456698619
-1450828767325838074
47168257986371046
5540786892524158325
-5395799268454269665
4541265619303947933
-3549953076029847554
-6034725547498055688
-2579513697380275893
2766607305262343318
2807242706955868709
6309479587112404573
-2188265869266740476
-9120493690695720187
-6144022284027386358
-9159195420395505002
11108269291526282
-3875252352128086231
936820534704127910
4288977740327954012
3330729261475817311
4507234822836826026
-4344204524687405042
-3964147766852151837
5618072525912150978
8742868048542497405
-2685337761046865532
-7489586934030043773
5075492823957066577
-169690690136941299
-6711819557433431214
-2786835968240470138
659742172175317951
-6281842533106761295
-178419568499992792
7902136732796528521
5335585425754325792
3413740457633941164
-4752901957300991133
-3023772328310050994
6657123444771831618
-491247897114391338
-8026289102273538916
3411110066247266760
7366279666006390554
5409925670365592976
8932670244835739444
-2808892944999526747
-3340214372486548175
8907258078737534147
5492632022032617634
1618065149204444684
1293380971519771816
-4536926546987986884
8613834960606168320
986568454782951314
2249298280126777537
-230305643646943130
-7885520613042264635
6970224486990140608
7153495538544361534
-859862912141476184
4959892605156399749
5013947616725834643
-6077108599377415514
-7378601705320812371
6739046023262644720
3971252490319843583
-8866147143465964293
-4842668612047686920
-4755457898621204933
-8737096746249050647
5917507104073485172
1888513718926137557
8610389608058339407
2304680388821077274
-2688794843665705310
5724099738263859311
4731590566677208349
-3288232340264453001
27429065377453337
5219224771083633335
-8819748038779451225
-8636196228410810894
2261746600813492262
2563457949456551556
-2546495874049858546
-9075430968415264124
-8105561788743224736
3563620912862644305
-8678211092337758565
-875124857990123070
8961005296640227554
-8419069860573774976
-4191482113965901853
-2891179282545014531
5135648469338171884
-8426608700410891841
-8389400702060357558
-6091172866665914598
-1031311527457582490
4353978282387131723
6522043175167723856
-829271458266053405
-127556991675487475
1504892151517947903
-9061939750416963292
-4777861705362827303
-2624077893872545749
-3338615269820368396
546247965385533905
5007880389231539372
5881362436402136707
671840569042244374
7126803322527173332
-1295386156728624441
-7483729259161131152
-5511490275606139027
4167241260856334423
8517834142273923195
1353688732495636490
-4134843077773296753
-5530740438308883087
2219344420131817540
-627187564262348234
4996467380618525612
7674486284662155104
-5636667461908654996
-2786319735885095179
7530463898373913376
-6581481928437443414
-416045155891712989
-6879473319212497637
-6192012678606478977
8577179292346115029
1091745021994981754
8398511715990699226
-1227195676967703525
-4717768228775114015
-4516901045642795577
-4018271680701195434
5462290057843029751
7109250095093001430
7706555463105287514
-4002422058989610679
-114980034954960650
2942888199458693660
7936465205242845555
-9120387229030121705
-6179865949700020247
-7136129015471068064
5762416044244394822
827456230228866822
-4277003719363510829
-5771018196622677679
549873575230055764
4108878904203067299
6130593173372041521
-8199692024266184006
5399868632312173172
-5562716835237658618
-214147764662286538
919923268372238792
-2473451322003310291
805112638344590175
-150371805236247764
-1581084582453692639
4911082111876202261
7528996910534446017
1093509471936639345
-5725693170274525136
5140522476434706716
-8808222605095035866
3108667331639209731
-7502068364526848089
8387514495446029591
-1711600273692897561
-5627000342520271076
-4655481416786045083
8885237447090784114
-8731169834796802344
-3245996863473975694
-6961727599347715458
-350807193273196056
-3636748460425037830
-114448263333008570
1543671445854012063
7289894653769575205
1845036526201418531
7626512293377753373
5074165759607947493
275710864776360934
-1419049811234865592
7978866686393162991
-3173587669465979989
6377684945421493344
-3602864328675860259
-8978754998709039009
-1247875933259713175
4824949824271160251
-446689543784773716
7715481141717166952
7782836540196768008
-4605411823558666866
3366349317508572784
-6216095652361365852
2297861711313374230
-8964622600224815892
5239580003498223217
5705315554606896660
6241639140833458665
-2684312895894540350
